1000 260 203.048
1100 220 225.73
1200 242 248.671
1300 268 271.851
1400 289 295.249
1500 324 318.852
1600 403 342.645
1700 328 366.616
1800 367 390.755
1900 373 415.052
2000 407 439.5
2100 458 464.09
2200 493 488.816
2300 499 513.671
2400 544 538.651
2500 558 563.749
2600 595 588.961
2700 618 614.283
2800 628 639.711
2900 693 665.24
3000 722 690.868
3100 714 716.591
3200 742 742.406
3300 748 768.31
3400 796 794.3
3500 885 820.375
3600 774 846.53
3700 861 872.765
3800 896 899.077
3900 986 925.464
4000 961 951.924
4100 982 978.456
4200 1003 1005.06
4300 1072 1031.73
4400 1089 1058.46
4500 1100 1085.26
4600 1148 1112.12
4700 1127 1139.05
4800 1158 1166.03
4900 1217 1193.08
5000 1320 1220.18
5100 1252 1247.34
5200 1268 1274.56
5300 1330 1301.83
5400 1223 1329.16
5500 1299 1356.53
5600 1351 1383.96
5700 1417 1411.44
5800 1551 1438.98
5900 1458 1466.55
6000 1503 1494.18
6100 1491 1521.86
6200 1586 1549.58
6300 1571 1577.35
6400 1593 1605.16
6500 1628 1633.02
6600 1510 1660.92
6700 1593 1688.87
6800 1810 1716.86
6900 1717 1744.89
7000 1766 1772.96
7100 1930 1801.07
7200 1999 1829.22
7300 1867 1857.41
7400 1935 1885.64
7500 2018 1913.91
7600 1962 1942.22
7700 1960 1970.56
7800 2018 1998.94
7900 2060 2027.36
8000 2062 2055.82
8100 1883 2084.31
8200 2172 2112.83
8300 2132 2141.39
8400 2211 2169.98
8500 2167 2198.61
8600 2165 2227.27
8700 2214 2255.97
8800 2275 2284.7
8900 2335 2313.46
9000 2266 2342.25
9100 2352 2371.07
9200 2389 2399.93
9300 2299 2428.81
9400 2468 2457.73
9500 2549 2486.68
9600 2551 2515.65
9700 2471 2544.66
9800 2457 2573.7
9900 2564 2602.76
10000 2662 2631.86
10100 2633 2660.98
10200 2689 2690.13
10300 2558 2719.31
10400 2687 2748.51
10500 2679 2777.75
10600 2841 2807.01
10700 2883 2836.3
10800 2735 2865.61
10900 2839 2894.95
11000 2868 2924.32
11100 3020 2953.71
11200 2995 2983.13
11300 2948 3012.57
11400 2762 3042.04
11500 3061 3071.54
11600 3115 3101.06
11700 3096 3130.6
11800 3110 3160.17
11900 3115 3189.76
12000 3158 3219.38
12100 3239 3249.02
12200 3256 3278.68
12300 3223 3308.37
12400 3229 3338.08
12500 3314 3367.81
12600 3354 3397.56
12700 3385 3427.34
12800 3323 3457.14
12900 3425 3486.97
13000 3599 3516.81
13100 3537 3546.68
13200 3617 3576.57
13300 3594 3606.48
13400 3418 3636.41
13500 3689 3666.36
13600 3718 3696.34
13700 3692 3726.33
13800 3778 3756.35
13900 3727 3786.39
14000 3865 3816.44
14100 3820 3846.52
14200 3866 3876.62
14300 3923 3906.74
14400 3961 3936.87
14500 4036 3967.03
14600 4091 3997.21
14700 4031 4027.41
14800 3943 4057.62
14900 4078 4087.86
15000 4076 4118.11
15100 4117 4148.39
15200 3907 4178.68
15300 4248 4208.99
15400 4323 4239.32
15500 4158 4269.67
15600 4411 4300.04
15700 4412 4330.42
15800 4267 4360.82
15900 4287 4391.25
16000 4535 4421.68
16100 4439 4452.14
16200 4467 4482.62
16300 4642 4513.11
16400 4439 4543.62
16500 4530 4574.15
16600 4627 4604.69
16700 4577 4635.25
16800 4558 4665.83
16900 4704 4696.43
17000 4771 4727.04
17100 4463 4757.67
17200 4652 4788.31
17300 4992 4818.98
17400 4833 4849.66
17500 4704 4880.35
17600 5048 4911.06
17700 4897 4941.79
17800 4859 4972.54
17900 4849 5003.3
18000 4901 5034.07
18100 5051 5064.86
18200 5038 5095.67
18300 5070 5126.49
18400 5402 5157.33
18500 5165 5188.19
18600 5149 5219.06
18700 5080 5249.94
18800 5175 5280.84
18900 5276 5311.76
19000 5311 5342.69
19100 5331 5373.63
19200 5355 5404.59
19300 5459 5435.57
19400 5406 5466.56
19500 5427 5497.56
19600 5413 5528.58
19700 5492 5559.62
19800 5580 5590.67
19900 5517 5621.73
20000 5635 5652.81
20100 5663 5683.9
20200 5533 5715
20300 5586 5746.12
20400 5732 5777.26
20500 5699 5808.4
20600 5757 5839.57
20700 5830 5870.74
20800 5776 5901.93
20900 5861 5933.13
21000 5868 5964.35
21100 5867 5995.58
21200 5966 6026.82
21300 5817 6058.08
21400 6176 6089.35
21500 6042 6120.64
21600 6047 6151.93
21700 6060 6183.24
21800 6131 6214.57
21900 6336 6245.9
22000 6389 6277.25
22100 6331 6308.62
22200 6456 6339.99
22300 6529 6371.38
22400 6568 6402.78
22500 6574 6434.19
22600 6433 6465.62
22700 6615 6497.06
22800 6537 6528.51
22900 6452 6559.97
23000 6519 6591.45
23100 6561 6622.94
23200 6598 6654.44
23300 6532 6685.96
23400 6572 6717.48
23500 6616 6749.02
23600 6671 6780.57
23700 6797 6812.13
23800 6718 6843.71
23900 6774 6875.29
24000 6705 6906.89
24100 6881 6938.5
24200 6503 6970.12
24300 6942 7001.76
24400 6904 7033.4
24500 6825 7065.06
24600 6939 7096.73
24700 7000 7128.41
24800 7059 7160.1
24900 6957 7191.8
25000 7124 7223.52
25100 7094 7255.24
25200 7127 7286.98
25300 7164 7318.73
25400 7193 7350.49
25500 7225 7382.26
25600 7300 7414.04
25700 7284 7445.84
25800 7651 7477.64
25900 7554 7509.46
26000 7627 7541.28
26100 7415 7573.12
26200 7584 7604.97
26300 7452 7636.83
26400 7574 7668.7
26500 7621 7700.58
26600 7640 7732.47
26700 7443 7764.38
26800 7605 7796.29
26900 7750 7828.21
27000 7631 7860.15
27100 7944 7892.09
27200 7568 7924.05
27300 7888 7956.01
27400 7878 7987.99
27500 7936 8019.98
27600 7905 8051.98
27700 7987 8083.98
27800 7928 8116
27900 8140 8148.03
28000 7781 8180.07
28100 8069 8212.12
28200 7814 8244.18
28300 8493 8276.24
28400 8131 8308.32
28500 8106 8340.41
28600 8652 8372.51
28700 9397 8404.62
28800 9008 8436.74
28900 8169 8468.87
29000 8315 8501.01
29100 8414 8533.15
29200 8543 8565.31
29300 8446 8597.48
29400 8415 8629.66
29500 8767 8661.85
29600 8940 8694.04
29700 8872 8726.25
29800 8949 8758.47
29900 8900 8790.69
30000 8895 8822.93
30100 8996 8855.17
30200 9774 8887.43
30300 9162 8919.69
30400 9055 8951.96
30500 9112 8984.25
30600 9097 9016.54
30700 9495 9048.84
30800 9132 9081.15
30900 9254 9113.47
31000 9159 9145.8
31100 9190 9178.14
31200 9102 9210.49
31300 9332 9242.84
31400 9183 9275.21
31500 9116 9307.58
31600 9234 9339.97
31700 9370 9372.36
31800 9244 9404.76
31900 9327 9437.17
32000 9413 9469.59
32100 9422 9502.02
32200 9312 9534.46
32300 9492 9566.9
32400 9653 9599.36
32500 9475 9631.82
32600 9418 9664.3
32700 9563 9696.78
32800 9511 9729.27
32900 9533 9761.77
33000 9635 9794.28
33100 9800 9826.79
33200 9552 9859.32
33300 9742 9891.85
33400 9704 9924.39
33500 9744 9956.94
33600 9797 9989.5
33700 9831 10022.1
33800 9773 10054.6
33900 9890 10087.2
34000 9918 10119.8
34100 10242 10152.4
34200 10041 10185
34300 10101 10217.7
34400 10039 10250.3
34500 11306 10282.9
34600 11666 10315.6
34700 11545 10348.2
34800 10218 10380.9
34900 10398 10413.5
35000 10086 10446.2
35100 10295 10478.9
35200 10270 10511.6
35300 10358 10544.3
35400 10708 10577
35500 11644 10609.7
35600 10698 10642.4
35700 10643 10675.2
35800 10570 10707.9
35900 10578 10740.7
36000 10696 10773.4
36100 10965 10806.2
36200 10655 10838.9
36300 12132 10871.7
36400 12156 10904.5
36500 10888 10937.3
36600 10718 10970.1
36700 10677 11002.9
36800 10866 11035.7
36900 10690 11068.6
37000 10723 11101.4
37100 11111 11134.2
37200 11195 11167.1
37300 10797 11199.9
37400 11179 11232.8
37500 11241 11265.7
37600 11128 11298.6
37700 11162 11331.5
37800 11152 11364.4
37900 11231 11397.3
38000 11094 11430.2
38100 11431 11463.1
38200 11307 11496
38300 11387 11528.9
38400 11414 11561.9
38500 11450 11594.8
38600 11386 11627.8
38700 11449 11660.7
38800 11372 11693.7
38900 11398 11726.7
39000 11561 11759.7
39100 11865 11792.7
39200 12656 11825.7
39300 11948 11858.7
39400 11670 11891.7
39500 11696 11924.7
39600 11654 11957.7
39700 11698 11990.8
39800 12537 12023.8
39900 13581 12056.9
40000 13082 12089.9
40100 11938 12123
40200 12033 12156.1
40300 11868 12189.1
40400 12129 12222.2
40500 12099 12255.3
40600 12030 12288.4
40700 11955 12321.5
40800 12180 12354.6
40900 12098 12387.8
41000 12237 12420.9
41100 12250 12454
41200 12431 12487.2
41300 12272 12520.3
41400 12567 12553.5
41500 12311 12586.6
41600 12515 12619.8
41700 12300 12653
41800 12468 12686.1
41900 12343 12719.3
42000 12538 12752.5
42100 12602 12785.7
42200 12712 12818.9
42300 12671 12852.2
42400 12679 12885.4
42500 12882 12918.6
42600 14662 12951.8
42700 12891 12985.1
42800 12815 13018.3
42900 13237 13051.6
43000 12753 13084.9
43100 12657 13118.1
43200 12918 13151.4
43300 12925 13184.7
43400 13019 13218
43500 12979 13251.3
43600 13095 13284.6
43700 13146 13317.9
43800 13243 13351.2
43900 13377 13384.5
44000 13023 13417.9
44100 13311 13451.2
44200 13309 13484.5
44300 13180 13517.9
44400 13021 13551.2
44500 13187 13584.6
44600 13335 13618
44700 13377 13651.3
44800 13311 13684.7
44900 13432 13718.1
45000 13631 13751.5
45100 13641 13784.9
45200 13672 13818.3
45300 13653 13851.7
45400 13525 13885.1
45500 13692 13918.6
45600 13780 13952
45700 13671 13985.4
45800 13467 14018.9
45900 13862 14052.3
46000 13828 14085.8
46100 13649 14119.2
46200 14066 14152.7
46300 14243 14186.2
46400 14364 14219.7
46500 14505 14253.1
46600 13676 14286.6
46700 13938 14320.1
46800 13922 14353.6
46900 13872 14387.2
47000 14153 14420.7
47100 14374 14454.2
47200 14131 14487.7
47300 14057 14521.3
47400 15247 14554.8
47500 15014 14588.3
47600 14310 14621.9
47700 14489 14655.5
47800 15476 14689
47900 15289 14722.6
48000 14319 14756.2
48100 14183 14789.8
48200 14384 14823.3
48300 14641 14856.9
48400 14790 14890.5
48500 14694 14924.1
48600 14538 14957.8
48700 15409 14991.4
48800 14900 15025
48900 14674 15058.6
49000 14613 15092.3
49100 15390 15125.9
49200 15063 15159.6
49300 15362 15193.2
49400 15420 15226.9
49500 15253 15260.5
49600 15234 15294.2
49700 16722 15327.9
49800 15367 15361.6
49900 16251 15395.3
50000 15151 15428.9
50100 14962 15462.6
50200 15475 15496.4
50300 17190 15530.1
50400 15276 15563.8
50500 15112 15597.5
50600 14988 15631.2
50700 15324 15665
50800 15491 15698.7
50900 15461 15732.4
51000 15540 15766.2
51100 15324 15800
51200 15491 15833.7
51300 15510 15867.5
51400 15740 15901.3
51500 15810 15935
51600 16104 15968.8
51700 15699 16002.6
51800 15752 16036.4
51900 15816 16070.2
52000 17465 16104
52100 18260 16137.8
52200 17950 16171.6
52300 16809 16205.5
52400 18144 16239.3
52500 16332 16273.1
52600 15756 16307
52700 16085 16340.8
52800 16310 16374.6
52900 15979 16408.5
53000 16195 16442.4
53100 16207 16476.2
53200 16385 16510.1
53300 16152 16544
53400 16182 16577.9
53500 16335 16611.7
53600 16415 16645.6
53700 16288 16679.5
53800 19393 16713.4
53900 16672 16747.3
54000 17865 16781.3
54100 17496 16815.2
54200 16448 16849.1
54300 16691 16883
54400 16664 16917
54500 16589 16950.9
54600 16397 16984.8
54700 16557 17018.8
54800 16740 17052.7
54900 16698 17086.7
55000 16770 17120.7
55100 16424 17154.6
55200 16869 17188.6
55300 16767 17222.6
55400 16859 17256.6
55500 16881 17290.6
55600 16960 17324.6
55700 17274 17358.6
55800 16940 17392.6
55900 17108 17426.6
56000 16984 17460.6
56100 17172 17494.6
56200 17942 17528.7
56300 20014 17562.7
56400 17964 17596.7
56500 17656 17630.8
56600 19492 17664.8
56700 18499 17698.9
56800 17821 17732.9
56900 17712 17767
57000 18292 17801.1
57100 19658 17835.1
57200 18714 17869.2
57300 17486 17903.3
57400 17627 17937.4
57500 18312 17971.5
57600 21121 18005.6
57700 18785 18039.7
57800 18743 18073.8
57900 20509 18107.9
58000 20494 18142
58100 18078 18176.1
58200 18096 18210.3
58300 20312 18244.4
58400 17910 18278.5
58500 19139 18312.7
58600 18212 18346.8
58700 18310 18381
58800 18158 18415.1
58900 18018 18449.3
59000 18046 18483.5
59100 18285 18517.6
59200 18598 18551.8
59300 18121 18586
59400 18317 18620.2
59500 18255 18654.4
59600 18491 18688.6
59700 18447 18722.7
59800 18586 18757
59900 20359 18791.2
60000 21967 18825.4
60100 19981 18859.6
60200 18660 18893.8
60300 18801 18928
60400 20939 18962.3
60500 18884 18996.5
60600 18712 19030.8
60700 18874 19065
60800 18738 19099.3
60900 18779 19133.5
61000 18791 19167.8
61100 18909 19202
61200 18819 19236.3
61300 18945 19270.6
61400 18899 19304.9
61500 19334 19339.2
61600 19280 19373.4
61700 19040 19407.7
61800 19137 19442
61900 20736 19476.3
62000 22540 19510.6
62100 21763 19545
62200 19325 19579.3
62300 19678 19613.6
62400 19768 19647.9
62500 20025 19682.2
62600 19954 19716.6
62700 19647 19750.9
62800 19240 19785.3
62900 19677 19819.6
63000 19438 19854
63100 19852 19888.3
63200 22591 19922.7
63300 20748 19957.1
63400 19752 19991.4
63500 22071 20025.8
63600 20691 20060.2
63700 19759 20094.6
63800 19869 20129
63900 19972 20163.4
64000 20029 20197.7
64100 19975 20232.2
64200 19824 20266.6
64300 19942 20301
64400 19908 20335.4
64500 19988 20369.8
64600 19756 20404.2
64700 19701 20438.7
64800 20281 20473.1
64900 20607 20507.5
65000 20237 20542
65100 21477 20576.4
65200 21270 20610.9
65300 20196 20645.3
65400 20088 20679.8
65500 19936 20714.2
65600 21591 20748.7
65700 20188 20783.2
65800 20302 20817.7
65900 22692 20852.1
66000 20234 20886.6
66100 20501 20921.1
66200 20274 20955.6
66300 20274 20990.1
66400 20686 21024.6
66500 20662 21059.1
66600 20970 21093.6
66700 20515 21128.2
66800 20979 21162.7
66900 24577 21197.2
67000 24435 21231.7
67100 22095 21266.3
67200 21058 21300.8
67300 20842 21335.3
67400 21320 21369.9
67500 21022 21404.4
67600 20920 21439
67700 22549 21473.6
67800 21797 21508.1
67900 21341 21542.7
68000 21262 21577.3
68100 21402 21611.8
68200 21227 21646.4
68300 21622 21681
68400 21364 21715.6
68500 21366 21750.2
68600 21161 21784.8
68700 21352 21819.4
68800 21352 21854
68900 21578 21888.6
69000 21372 21923.2
69100 21228 21957.8
69200 21415 21992.4
69300 21257 22027.1
69400 24382 22061.7
69500 24559 22096.3
69600 21527 22131
69700 21679 22165.6
69800 21489 22200.2
69900 21731 22234.9
70000 22048 22269.5
70100 21966 22304.2
70200 22330 22338.9
70300 21719 22373.5
70400 21956 22408.2
70500 21950 22442.9
70600 22174 22477.6
70700 22213 22512.2
70800 25292 22546.9
70900 23817 22581.6
71000 22046 22616.3
71100 22614 22651
71200 23239 22685.7
71300 26297 22720.4
71400 24480 22755.1
71500 22856 22789.8
71600 22945 22824.6
71700 22721 22859.3
71800 23360 22894
71900 22515 22928.7
72000 22542 22963.5
72100 22719 22998.2
72200 24914 23032.9
72300 22569 23067.7
72400 22757 23102.4
72500 22432 23137.2
72600 22804 23172
72700 22730 23206.7
72800 26092 23241.5
72900 22740 23276.2
73000 23256 23311
73100 22748 23345.8
73200 22892 23380.6
73300 25104 23415.4
73400 22902 23450.2
73500 22920 23484.9
73600 23418 23519.7
73700 23391 23554.5
73800 23290 23589.4
73900 23686 23624.2
74000 23342 23659
74100 23070 23693.8
74200 23766 23728.6
74300 23313 23763.4
74400 24572 23798.3
74500 34534 23833.1
74600 23288 23867.9
74700 23282 23902.8
74800 23186 23937.6
74900 26050 23972.5
75000 26989 24007.3
75100 23718 24042.2
75200 23399 24077
75300 24106 24111.9
75400 24717 24146.7
75500 26433 24181.6
75600 23734 24216.5
75700 23437 24251.4
75800 26175 24286.2
75900 27039 24321.1
76000 23517 24356
76100 23757 24390.9
76200 24102 24425.8
76300 23901 24460.7
76400 23978 24495.6
76500 23867 24530.5
76600 26413 24565.4
76700 23676 24600.3
76800 23846 24635.3
76900 24510 24670.2
77000 24035 24705.1
77100 23780 24740
77200 27169 24775
77300 24292 24809.9
77400 24166 24844.8
77500 24103 24879.8
77600 24111 24914.7
77700 24350 24949.7
77800 24405 24984.6
77900 24370 25019.6
78000 24526 25054.6
78100 24345 25089.5
78200 24555 25124.5
78300 24734 25159.5
78400 24535 25194.5
78500 25258 25229.4
78600 24832 25264.4
78700 26206 25299.4
78800 25355 25334.4
78900 24971 25369.4
79000 24675 25404.4
79100 24659 25439.4
79200 26883 25474.4
79300 24816 25509.4
79400 24857 25544.4
79500 24826 25579.4
79600 25660 25614.5
79700 25182 25649.5
79800 25271 25684.5
79900 27135 25719.5
80000 29106 25754.6
80100 25641 25789.6
80200 25252 25824.7
80300 25211 25859.7
80400 25120 25894.8
80500 27040 25929.8
80600 28012 25964.9
80700 25016 25999.9
80800 25299 26035
80900 25466 26070
81000 25738 26105.1
81100 25911 26140.2
81200 28807 26175.3
81300 25552 26210.3
81400 26551 26245.4
81500 25700 26280.5
81600 28448 26315.6
81700 29136 26350.7
81800 27291 26385.8
81900 25917 26420.9
82000 25728 26456
82100 26540 26491.1
82200 26852 26526.2
82300 25794 26561.3
82400 25770 26596.5
82500 26117 26631.6
82600 25927 26666.7
82700 26464 26701.8
82800 26234 26737
82900 26392 26772.1
83000 29155 26807.3
83100 26954 26842.4
83200 26295 26877.5
83300 26200 26912.7
83400 26584 26947.8
83500 28309 26983
83600 26097 27018.2
83700 26552 27053.3
83800 26863 27088.5
83900 26388 27123.7
84000 26279 27158.8
84100 26728 27194
84200 27926 27229.2
84300 27158 27264.4
84400 27834 27299.6
84500 27516 27334.8
84600 27041 27370
84700 26810 27405.1
84800 26709 27440.4
84900 27027 27475.6
85000 29277 27510.8
85100 27400 27546
85200 26929 27581.2
85300 27113 27616.4
85400 27452 27651.6
85500 27273 27686.9
85600 27259 27722.1
85700 27308 27757.3
85800 27136 27792.5
85900 27430 27827.8
86000 27168 27863
86100 27180 27898.3
86200 27577 27933.5
86300 27424 27968.8
86400 29487 28004
86500 31028 28039.3
86600 27267 28074.5
86700 27442 28109.8
86800 27116 28145.1
86900 27898 28180.3
87000 27992 28215.6
87100 28396 28250.9
87200 28116 28286.2
87300 27634 28321.5
87400 27683 28356.7
87500 28263 28392
87600 29096 28427.3
87700 27137 28462.6
87800 28991 28497.9
87900 29138 28533.2
88000 28404 28568.5
88100 27930 28603.8
88200 28813 28639.2
88300 31928 28674.5
88400 28937 28709.8
88500 28051 28745.1
88600 31301 28780.4
88700 31528 28815.8
88800 28082 28851.1
88900 28915 28886.4
89000 29220 28921.8
89100 28864 28957.1
89200 28101 28992.5
89300 28492 29027.8
89400 30692 29063.2
89500 28647 29098.5
89600 28818 29133.9
89700 28620 29169.2
89800 28843 29204.6
89900 28596 29240
90000 28525 29275.3
90100 28729 29310.7
90200 28319 29346.1
90300 29748 29381.5
90400 28690 29416.9
90500 28470 29452.2
90600 28271 29487.6
90700 31562 29523
90800 28977 29558.4
90900 29113 29593.8
91000 28841 29629.2
91100 28630 29664.6
91200 29536 29700
91300 31423 29735.4
91400 29469 29770.9
91500 28693 29806.3
91600 29182 29841.7
91700 30887 29877.1
91800 29110 29912.5
91900 31990 29948
92000 29046 29983.4
92100 29225 30018.8
92200 31488 30054.3
92300 30435 30089.7
92400 31878 30125.2
92500 30401 30160.6
92600 31466 30196.1
92700 34037 30231.5
92800 29390 30267
92900 29455 30302.5
93000 29648 30337.9
93100 30038 30373.4
93200 29905 30408.9
93300 29682 30444.3
93400 29818 30479.8
93500 29864 30515.3
93600 30134 30550.8
93700 30939 30586.2
93800 30394 30621.7
93900 30016 30657.2
94000 29798 30692.7
94100 29459 30728.2
94200 30050 30763.7
94300 30126 30799.2
94400 29961 30834.7
94500 30186 30870.2
94600 30305 30905.8
94700 30469 30941.3
94800 30385 30976.8
94900 30974 31012.3
95000 33820 31047.8
95100 34726 31083.4
95200 31159 31118.9
95300 30943 31154.4
95400 31942 31190
95500 30381 31225.5
95600 31095 31261
95700 31797 31296.6
95800 30553 31332.1
95900 31329 31367.7
96000 30622 31403.3
96100 30880 31438.8
96200 31170 31474.4
96300 30516 31509.9
96400 30481 31545.5
96500 30620 31581.1
96600 30803 31616.6
96700 32628 31652.2
96800 31431 31687.8
96900 32185 31723.4
97000 34295 31759
97100 30948 31794.5
97200 31645 31830.1
97300 31621 31865.7
97400 31569 31901.3
97500 31730 31936.9
97600 31927 31972.5
97700 31118 32008.1
97800 31240 32043.7
97900 33352 32079.4
98000 31137 32115
98100 31516 32150.6
98200 36805 32186.2
98300 31771 32221.8
98400 31356 32257.4
98500 33153 32293.1
98600 31069 32328.7
98700 31091 32364.3
98800 31500 32400
98900 31980 32435.6
99000 31717 32471.3
99100 31857 32506.9
99200 31850 32542.6
99300 31494 32578.2
99400 31786 32613.9
99500 31465 32649.5
99600 31686 32685.2
99700 31651 32720.8
99800 32479 32756.5
99900 31832 32792.2
100000 32297 32827.8
