100 18413 13961.8
110 24596 21252.1
120 33933 29613.5
130 38472 39157.7
140 48185 49996.3
150 59221 62240.9
160 73036 76003.2
170 88941 91395
180 103289 108528
190 120442 127513
200 140805 148463
210 166411 171489
220 190343 196702
230 228086 224215
240 260739 254138
250 277546 286584
260 317006 321665
270 417942 359491
280 398597 400175
290 452454 443828
300 477829 490562
310 544662 540489
320 584861 593719
330 643277 650366
340 713895 710540
350 766890 774353
360 846347 841917
370 907313 913343
380 993430 988744
390 1.05893e+06 1.06823e+06
400 1.15959e+06 1.15191e+06
410 1.22779e+06 1.23991e+06
420 1.33372e+06 1.33232e+06
430 1.45068e+06 1.42927e+06
440 1.52147e+06 1.53086e+06
450 1.61645e+06 1.6372e+06
460 1.73288e+06 1.74841e+06
470 1.85642e+06 1.8646e+06
480 2.03901e+06 1.98589e+06
490 2.11834e+06 2.11237e+06
500 2.22335e+06 2.24417e+06
