1000 260
1100 220
1200 242
1300 268
1400 289
1500 324
1600 403
1700 328
1800 367
1900 373
2000 407
2100 458
2200 493
2300 499
2400 544
2500 558
2600 595
2700 618
2800 628
2900 693
3000 722
3100 714
3200 742
3300 748
3400 796
3500 885
3600 774
3700 861
3800 896
3900 986
4000 961
4100 982
4200 1003
4300 1072
4400 1089
4500 1100
4600 1148
4700 1127
4800 1158
4900 1217
5000 1320
5100 1252
5200 1268
5300 1330
5400 1223
5500 1299
5600 1351
5700 1417
5800 1551
5900 1458
6000 1503
6100 1491
6200 1586
6300 1571
6400 1593
6500 1628
6600 1510
6700 1593
6800 1810
6900 1717
7000 1766
7100 1930
7200 1999
7300 1867
7400 1935
7500 2018
7600 1962
7700 1960
7800 2018
7900 2060
8000 2062
8100 1883
8200 2172
8300 2132
8400 2211
8500 2167
8600 2165
8700 2214
8800 2275
8900 2335
9000 2266
9100 2352
9200 2389
9300 2299
9400 2468
9500 2549
9600 2551
9700 2471
9800 2457
9900 2564
10000 2662
10100 2633
10200 2689
10300 2558
10400 2687
10500 2679
10600 2841
10700 2883
10800 2735
10900 2839
11000 2868
11100 3020
11200 2995
11300 2948
11400 2762
11500 3061
11600 3115
11700 3096
11800 3110
11900 3115
12000 3158
12100 3239
12200 3256
12300 3223
12400 3229
12500 3314
12600 3354
12700 3385
12800 3323
12900 3425
13000 3599
13100 3537
13200 3617
13300 3594
13400 3418
13500 3689
13600 3718
13700 3692
13800 3778
13900 3727
14000 3865
14100 3820
14200 3866
14300 3923
14400 3961
14500 4036
14600 4091
14700 4031
14800 3943
14900 4078
15000 4076
15100 4117
15200 3907
15300 4248
15400 4323
15500 4158
15600 4411
15700 4412
15800 4267
15900 4287
16000 4535
16100 4439
16200 4467
16300 4642
16400 4439
16500 4530
16600 4627
16700 4577
16800 4558
16900 4704
17000 4771
17100 4463
17200 4652
17300 4992
17400 4833
17500 4704
17600 5048
17700 4897
17800 4859
17900 4849
18000 4901
18100 5051
18200 5038
18300 5070
18400 5402
18500 5165
18600 5149
18700 5080
18800 5175
18900 5276
19000 5311
19100 5331
19200 5355
19300 5459
19400 5406
19500 5427
19600 5413
19700 5492
19800 5580
19900 5517
20000 5635
20100 5663
20200 5533
20300 5586
20400 5732
20500 5699
20600 5757
20700 5830
20800 5776
20900 5861
21000 5868
21100 5867
21200 5966
21300 5817
21400 6176
21500 6042
21600 6047
21700 6060
21800 6131
21900 6336
22000 6389
22100 6331
22200 6456
22300 6529
22400 6568
22500 6574
22600 6433
22700 6615
22800 6537
22900 6452
23000 6519
23100 6561
23200 6598
23300 6532
23400 6572
23500 6616
23600 6671
23700 6797
23800 6718
23900 6774
24000 6705
24100 6881
24200 6503
24300 6942
24400 6904
24500 6825
24600 6939
24700 7000
24800 7059
24900 6957
25000 7124
25100 7094
25200 7127
25300 7164
25400 7193
25500 7225
25600 7300
25700 7284
25800 7651
25900 7554
26000 7627
26100 7415
26200 7584
26300 7452
26400 7574
26500 7621
26600 7640
26700 7443
26800 7605
26900 7750
27000 7631
27100 7944
27200 7568
27300 7888
27400 7878
27500 7936
27600 7905
27700 7987
27800 7928
27900 8140
28000 7781
28100 8069
28200 7814
28300 8493
28400 8131
28500 8106
28600 8652
28700 9397
28800 9008
28900 8169
29000 8315
29100 8414
29200 8543
29300 8446
29400 8415
29500 8767
29600 8940
29700 8872
29800 8949
29900 8900
30000 8895
30100 8996
30200 9774
30300 9162
30400 9055
30500 9112
30600 9097
30700 9495
30800 9132
30900 9254
31000 9159
31100 9190
31200 9102
31300 9332
31400 9183
31500 9116
31600 9234
31700 9370
31800 9244
31900 9327
32000 9413
32100 9422
32200 9312
32300 9492
32400 9653
32500 9475
32600 9418
32700 9563
32800 9511
32900 9533
33000 9635
33100 9800
33200 9552
33300 9742
33400 9704
33500 9744
33600 9797
33700 9831
33800 9773
33900 9890
34000 9918
34100 10242
34200 10041
34300 10101
34400 10039
34500 11306
34600 11666
34700 11545
34800 10218
34900 10398
35000 10086
35100 10295
35200 10270
35300 10358
35400 10708
35500 11644
35600 10698
35700 10643
35800 10570
35900 10578
36000 10696
36100 10965
36200 10655
36300 12132
36400 12156
36500 10888
36600 10718
36700 10677
36800 10866
36900 10690
37000 10723
37100 11111
37200 11195
37300 10797
37400 11179
37500 11241
37600 11128
37700 11162
37800 11152
37900 11231
38000 11094
38100 11431
38200 11307
38300 11387
38400 11414
38500 11450
38600 11386
38700 11449
38800 11372
38900 11398
39000 11561
39100 11865
39200 12656
39300 11948
39400 11670
39500 11696
39600 11654
39700 11698
39800 12537
39900 13581
40000 13082
40100 11938
40200 12033
40300 11868
40400 12129
40500 12099
40600 12030
40700 11955
40800 12180
40900 12098
41000 12237
41100 12250
41200 12431
41300 12272
41400 12567
41500 12311
41600 12515
41700 12300
41800 12468
41900 12343
42000 12538
42100 12602
42200 12712
42300 12671
42400 12679
42500 12882
42600 14662
42700 12891
42800 12815
42900 13237
43000 12753
43100 12657
43200 12918
43300 12925
43400 13019
43500 12979
43600 13095
43700 13146
43800 13243
43900 13377
44000 13023
44100 13311
44200 13309
44300 13180
44400 13021
44500 13187
44600 13335
44700 13377
44800 13311
44900 13432
45000 13631
45100 13641
45200 13672
45300 13653
45400 13525
45500 13692
45600 13780
45700 13671
45800 13467
45900 13862
46000 13828
46100 13649
46200 14066
46300 14243
46400 14364
46500 14505
46600 13676
46700 13938
46800 13922
46900 13872
47000 14153
47100 14374
47200 14131
47300 14057
47400 15247
47500 15014
47600 14310
47700 14489
47800 15476
47900 15289
48000 14319
48100 14183
48200 14384
48300 14641
48400 14790
48500 14694
48600 14538
48700 15409
48800 14900
48900 14674
49000 14613
49100 15390
49200 15063
49300 15362
49400 15420
49500 15253
49600 15234
49700 16722
49800 15367
49900 16251
50000 15151
50100 14962
50200 15475
50300 17190
50400 15276
50500 15112
50600 14988
50700 15324
50800 15491
50900 15461
51000 15540
51100 15324
51200 15491
51300 15510
51400 15740
51500 15810
51600 16104
51700 15699
51800 15752
51900 15816
52000 17465
52100 18260
52200 17950
52300 16809
52400 18144
52500 16332
52600 15756
52700 16085
52800 16310
52900 15979
53000 16195
53100 16207
53200 16385
53300 16152
53400 16182
53500 16335
53600 16415
53700 16288
53800 19393
53900 16672
54000 17865
54100 17496
54200 16448
54300 16691
54400 16664
54500 16589
54600 16397
54700 16557
54800 16740
54900 16698
55000 16770
55100 16424
55200 16869
55300 16767
55400 16859
55500 16881
55600 16960
55700 17274
55800 16940
55900 17108
56000 16984
56100 17172
56200 17942
56300 20014
56400 17964
56500 17656
56600 19492
56700 18499
56800 17821
56900 17712
57000 18292
57100 19658
57200 18714
57300 17486
57400 17627
57500 18312
57600 21121
57700 18785
57800 18743
57900 20509
58000 20494
58100 18078
58200 18096
58300 20312
58400 17910
58500 19139
58600 18212
58700 18310
58800 18158
58900 18018
59000 18046
59100 18285
59200 18598
59300 18121
59400 18317
59500 18255
59600 18491
59700 18447
59800 18586
59900 20359
60000 21967
60100 19981
60200 18660
60300 18801
60400 20939
60500 18884
60600 18712
60700 18874
60800 18738
60900 18779
61000 18791
61100 18909
61200 18819
61300 18945
61400 18899
61500 19334
61600 19280
61700 19040
61800 19137
61900 20736
62000 22540
62100 21763
62200 19325
62300 19678
62400 19768
62500 20025
62600 19954
62700 19647
62800 19240
62900 19677
63000 19438
63100 19852
63200 22591
63300 20748
63400 19752
63500 22071
63600 20691
63700 19759
63800 19869
63900 19972
64000 20029
64100 19975
64200 19824
64300 19942
64400 19908
64500 19988
64600 19756
64700 19701
64800 20281
64900 20607
65000 20237
65100 21477
65200 21270
65300 20196
65400 20088
65500 19936
65600 21591
65700 20188
65800 20302
65900 22692
66000 20234
66100 20501
66200 20274
66300 20274
66400 20686
66500 20662
66600 20970
66700 20515
66800 20979
66900 24577
67000 24435
67100 22095
67200 21058
67300 20842
67400 21320
67500 21022
67600 20920
67700 22549
67800 21797
67900 21341
68000 21262
68100 21402
68200 21227
68300 21622
68400 21364
68500 21366
68600 21161
68700 21352
68800 21352
68900 21578
69000 21372
69100 21228
69200 21415
69300 21257
69400 24382
69500 24559
69600 21527
69700 21679
69800 21489
69900 21731
70000 22048
70100 21966
70200 22330
70300 21719
70400 21956
70500 21950
70600 22174
70700 22213
70800 25292
70900 23817
71000 22046
71100 22614
71200 23239
71300 26297
71400 24480
71500 22856
71600 22945
71700 22721
71800 23360
71900 22515
72000 22542
72100 22719
72200 24914
72300 22569
72400 22757
72500 22432
72600 22804
72700 22730
72800 26092
72900 22740
73000 23256
73100 22748
73200 22892
73300 25104
73400 22902
73500 22920
73600 23418
73700 23391
73800 23290
73900 23686
74000 23342
74100 23070
74200 23766
74300 23313
74400 24572
74500 34534
74600 23288
74700 23282
74800 23186
74900 26050
75000 26989
75100 23718
75200 23399
75300 24106
75400 24717
75500 26433
75600 23734
75700 23437
75800 26175
75900 27039
76000 23517
76100 23757
76200 24102
76300 23901
76400 23978
76500 23867
76600 26413
76700 23676
76800 23846
76900 24510
77000 24035
77100 23780
77200 27169
77300 24292
77400 24166
77500 24103
77600 24111
77700 24350
77800 24405
77900 24370
78000 24526
78100 24345
78200 24555
78300 24734
78400 24535
78500 25258
78600 24832
78700 26206
78800 25355
78900 24971
79000 24675
79100 24659
79200 26883
79300 24816
79400 24857
79500 24826
79600 25660
79700 25182
79800 25271
79900 27135
80000 29106
80100 25641
80200 25252
80300 25211
80400 25120
80500 27040
80600 28012
80700 25016
80800 25299
80900 25466
81000 25738
81100 25911
81200 28807
81300 25552
81400 26551
81500 25700
81600 28448
81700 29136
81800 27291
81900 25917
82000 25728
82100 26540
82200 26852
82300 25794
82400 25770
82500 26117
82600 25927
82700 26464
82800 26234
82900 26392
83000 29155
83100 26954
83200 26295
83300 26200
83400 26584
83500 28309
83600 26097
83700 26552
83800 26863
83900 26388
84000 26279
84100 26728
84200 27926
84300 27158
84400 27834
84500 27516
84600 27041
84700 26810
84800 26709
84900 27027
85000 29277
85100 27400
85200 26929
85300 27113
85400 27452
85500 27273
85600 27259
85700 27308
85800 27136
85900 27430
86000 27168
86100 27180
86200 27577
86300 27424
86400 29487
86500 31028
86600 27267
86700 27442
86800 27116
86900 27898
87000 27992
87100 28396
87200 28116
87300 27634
87400 27683
87500 28263
87600 29096
87700 27137
87800 28991
87900 29138
88000 28404
88100 27930
88200 28813
88300 31928
88400 28937
88500 28051
88600 31301
88700 31528
88800 28082
88900 28915
89000 29220
89100 28864
89200 28101
89300 28492
89400 30692
89500 28647
89600 28818
89700 28620
89800 28843
89900 28596
90000 28525
90100 28729
90200 28319
90300 29748
90400 28690
90500 28470
90600 28271
90700 31562
90800 28977
90900 29113
91000 28841
91100 28630
91200 29536
91300 31423
91400 29469
91500 28693
91600 29182
91700 30887
91800 29110
91900 31990
92000 29046
92100 29225
92200 31488
92300 30435
92400 31878
92500 30401
92600 31466
92700 34037
92800 29390
92900 29455
93000 29648
93100 30038
93200 29905
93300 29682
93400 29818
93500 29864
93600 30134
93700 30939
93800 30394
93900 30016
94000 29798
94100 29459
94200 30050
94300 30126
94400 29961
94500 30186
94600 30305
94700 30469
94800 30385
94900 30974
95000 33820
95100 34726
95200 31159
95300 30943
95400 31942
95500 30381
95600 31095
95700 31797
95800 30553
95900 31329
96000 30622
96100 30880
96200 31170
96300 30516
96400 30481
96500 30620
96600 30803
96700 32628
96800 31431
96900 32185
97000 34295
97100 30948
97200 31645
97300 31621
97400 31569
97500 31730
97600 31927
97700 31118
97800 31240
97900 33352
98000 31137
98100 31516
98200 36805
98300 31771
98400 31356
98500 33153
98600 31069
98700 31091
98800 31500
98900 31980
99000 31717
99100 31857
99200 31850
99300 31494
99400 31786
99500 31465
99600 31686
99700 31651
99800 32479
99900 31832
100000 32297
