100 18413
110 24596
120 33933
130 38472
140 48185
150 59221
160 73036
170 88941
180 103289
190 120442
200 140805
210 166411
220 190343
230 228086
240 260739
250 277546
260 317006
270 417942
280 398597
290 452454
300 477829
310 544662
320 584861
330 643277
340 713895
350 766890
360 846347
370 907313
380 993430
390 1.05893e+06
400 1.15959e+06
410 1.22779e+06
420 1.33372e+06
430 1.45068e+06
440 1.52147e+06
450 1.61645e+06
460 1.73288e+06
470 1.85642e+06
480 2.03901e+06
490 2.11834e+06
500 2.22335e+06
