1 11.0067
131 11.7124
163 10.2144
196 10.2309
261 11.6384
277 10.1486
293 12.552
326 12.6425
391 12.8812
522 13.0458
587 12.6261
652 12.98
684 11.6054
700 10.9881
708 9.3831
717 9.095
783 11.4408
848 11.235
913 8.9222
945 7.4406
961 7.8604
978 6.2389
1011 7.8933
1044 7.5065
1109 6.8563
1174 7.4077
1304 9.0127
1565 10.7412
1826 12.4121
2087 15.013
2152 15.1776
2217 14.9224
2282 13.6302
2347 13.7948
2363 11.128
2379 11.3667
2412 11.482
2444 12.5108
2477 10.0169
2542 9.3337
2558 8.2308
2562 6.2719
2566 7.3995
2575 6.8398
2608 7.1279
2640 5.7451
2656 3.8685
2673 5.029
2738 7.477
2803 10.3248
2869 10.6468
2901 8.315
2934 8.4723
2999 7.2027
3064 8.2214
3130 6.5812
3260 7.162
3325 5.5685
3391 6.0193
3521 5.1802
3652 6.5051
3782 6.2246
3913 8.6164
4043 9.3175
4174 7.854
