1 11.0067
132 11.7618
158 9.1033
245 11.6877
276 10.0992
290 10.7165
292 12.8812
362 11.3914
458 14.371
494 11.9347
545 14.157
580 11.4573
621 13.5561
696 11.6877
711 7.8193
734 11.1774
765 12.1816
792 10.091
879 11.235
984 5.9591
1003 8.4695
1055 8.4366
1094 5.671
1127 7.8522
1307 9.2761
1693 10.2803
1867 14.2064
1920 14.4862
1943 12.2721
2114 16.5274
2132 14.4615
2230 15.1529
2272 12.8401
2334 14.2228
2364 10.7494
2447 12.5684
2488 9.1362
2546 10.1239
2563 5.9591
2569 8.3378
2581 5.8933
2613 7.6382
2657 3.852
2683 6.7912
2746 7.2219
2778 10.6343
2839 11.0148
2883 10.8141
2910 7.85
2945 9.4634
2983 6.194
3023 9.0243
3108 6.1608
3165 8.2083
3261 7.3851
3312 4.5539
3420 6.5735
3539 4.0814
3667 7.3043
3793 5.9401
3924 9.5581
4174 7.854
