1 11.0067
132 11.7618
158 9.1033
262 11.6713
290 10.7165
292 12.8812
362 11.3914
457 14.3627
494 11.9347
535 14.157
647 12.7001
698 11.5643
712 8.6835
752 11.8112
821 10.165
838 11.6548
898 10.3132
937 7.1608
953 8.8234
984 5.9591
1022 8.7247
1094 5.671
1127 7.8522
1223 8.1732
1307 9.2761
1467 8.6835
1596 11.0128
1651 9.8358
1920 14.4862
1943 12.2721
2060 16.0418
2127 15.9266
2198 15.4245
2272 12.8401
2348 13.7948
2397 10.5025
2447 12.5684
2489 9.2597
2546 10.1239
2563 5.9591
2613 7.6382
2657 3.852
2686 6.8748
2746 7.2219
2762 9.7101
2883 10.8141
2896 8.0884
2952 8.9532
2983 6.194
3018 8.8403
3138 6.1547
3146 7.8957
3275 6.9283
3312 4.5539
3416 6.4807
3499 4.2075
3671 7.3005
3793 5.9401
3863 8.9669
3932 8.3294
4109 9.4981
4174 7.854
