1 11.0067
6 12.1734
9 9.6218
12 11.5314
163 10.2144
290 10.7165
292 12.8812
362 11.3914
473 14.1158
476 12.3874
570 13.7207
580 11.4573
652 12.98
660 11.1527
696 11.6877
711 7.8193
734 11.1774
785 11.696
792 10.091
874 11.3174
937 7.1608
964 8.3296
984 5.9591
990 7.7699
1055 8.4366
1094 5.671
1127 7.8522
1843 12.4038
1920 14.4862
1943 12.2721
2060 16.0418
2127 15.9266
2132 14.4615
2348 13.7948
2365 11.6877
2447 12.5684
2488 9.1362
2546 10.1239
2551 7.6958
2553 8.9963
2563 5.9591
2569 8.3378
2581 5.8933
2613 7.6382
2657 3.852
2686 6.8748
2746 7.2219
2778 10.6343
2883 10.8141
2896 8.0884
2941 9.3755
2983 6.194
3018 8.8403
3140 7.1906
3261 7.3851
3312 4.5539
3416 6.4807
3539 4.0814
3576 6.1474
3793 5.9401
3863 8.9669
4174 7.854
