100 17431 16111.1
110 23557 22699.5
120 31790 30419.2
130 38895 39374.9
140 50604 49671.2
150 60595 61412.6
160 69215 74703.8
170 98060 89649.3
180 102868 106354
190 118614 124921
200 152125 145457
210 170812 168066
220 188721 192851
230 212139 219919
240 252489 249372
250 276939 281317
260 316821 315857
270 344282 353097
280 394063 393142
290 435405 436096
300 475507 482064
310 539768 531150
320 569509 583459
330 639438 639095
340 757713 698164
350 752626 760770
360 828439 827016
370 895264 897009
380 976393 970852
390 1.04428e+06 1.04865e+06
400 1.10957e+06 1.13051e+06
410 1.2047e+06 1.21653e+06
420 1.31827e+06 1.30682e+06
430 1.40442e+06 1.40148e+06
440 1.49168e+06 1.50062e+06
450 1.59637e+06 1.60435e+06
460 1.7167e+06 1.71276e+06
470 1.824e+06 1.82596e+06
480 1.93888e+06 1.94406e+06
490 2.07001e+06 2.06716e+06
500 2.20535e+06 2.19536e+06
