10000 2989 3236.49
10000 2651 3236.49
10000 2636 3236.49
20000 5814 6199.02
20000 5247 6199.02
20000 5709 6199.02
30000 8556 9307.84
30000 8362 9307.84
30000 8285 9307.84
40000 11823 12511.7
40000 11652 12511.7
40000 11559 12511.7
50000 14656 15786.1
50000 14631 15786.1
50000 14709 15786.1
60000 18141 19116.9
60000 17785 19116.9
60000 18182 19116.9
70000 21079 22494.4
70000 20924 22494.4
70000 21513 22494.4
80000 25907 25912.1
80000 28140 25912.1
80000 27144 25912.1
90000 27642 29364.7
90000 28417 29364.7
90000 29404 29364.7
100000 31204 32848.5
100000 34196 32848.5
100000 31966 32848.5
110000 34894 36360.4
110000 34280 36360.4
110000 38088 36360.4
120000 40372 39897.6
120000 38990 39897.6
120000 38905 39897.6
130000 42738 43458.2
130000 42743 43458.2
130000 42692 43458.2
140000 46220 47040.3
140000 46747 47040.3
140000 47442 47040.3
150000 49833 50642.4
150000 50155 50642.4
150000 55436 50642.4
160000 54061 54263.2
160000 55748 54263.2
160000 55114 54263.2
170000 57155 57901.4
170000 57436 57901.4
170000 67286 57901.4
180000 80706 61556.1
180000 62262 61556.1
180000 61851 61556.1
190000 66689 65226.3
190000 66661 65226.3
190000 64394 65226.3
200000 69032 68911.3
200000 68226 68911.3
200000 67575 68911.3
210000 71038 72610.2
210000 71475 72610.2
210000 72254 72610.2
220000 75119 76322.4
220000 77296 76322.4
220000 79388 76322.4
230000 81793 80047.4
230000 81873 80047.4
230000 79591 80047.4
240000 86322 83784.5
240000 85504 83784.5
240000 87434 83784.5
250000 86875 87533.3
250000 86967 87533.3
250000 86497 87533.3
260000 93817 91293.3
260000 89302 91293.3
260000 89990 91293.3
270000 93146 95064
270000 94203 95064
270000 93630 95064
280000 103226 98845.1
280000 99483 98845.1
280000 98087 98845.1
290000 101995 102636
290000 101969 102636
290000 102839 102636
300000 109221 106437
300000 105497 106437
300000 105278 106437
310000 110077 110247
310000 109598 110247
310000 108719 110247
320000 113861 114066
320000 113923 114066
320000 117583 114066
330000 115688 117894
330000 115508 117894
330000 115309 117894
340000 120369 121730
340000 120758 121730
340000 121599 121730
350000 123718 125574
350000 124213 125574
350000 124843 125574
360000 129887 129427
360000 130137 129427
360000 128419 129427
370000 132554 133287
370000 131674 133287
370000 139267 133287
380000 136096 137155
380000 135633 137155
380000 137402 137155
390000 143194 141030
390000 140635 141030
390000 139183 141030
400000 145557 144912
400000 148669 144912
400000 143167 144912
410000 146763 148802
410000 149064 148802
410000 147760 148802
420000 151389 152698
420000 151720 152698
420000 155005 152698
430000 154949 156601
430000 159548 156601
430000 153181 156601
440000 159024 160510
440000 159958 160510
440000 158879 160510
450000 161505 164426
450000 166231 164426
450000 162886 164426
460000 170217 168347
460000 168995 168347
460000 167913 168347
470000 171652 172275
470000 170867 172275
470000 172130 172275
480000 174551 176209
480000 180952 176209
480000 177154 176209
490000 180106 180149
490000 178733 180149
490000 187091 180149
500000 181972 184094
500000 182443 184094
500000 182483 184094
