10000 2989
10000 2651
10000 2636
20000 5814
20000 5247
20000 5709
30000 8556
30000 8362
30000 8285
40000 11823
40000 11652
40000 11559
50000 14656
50000 14631
50000 14709
60000 18141
60000 17785
60000 18182
70000 21079
70000 20924
70000 21513
80000 25907
80000 28140
80000 27144
90000 27642
90000 28417
90000 29404
100000 31204
100000 34196
100000 31966
110000 34894
110000 34280
110000 38088
120000 40372
120000 38990
120000 38905
130000 42738
130000 42743
130000 42692
140000 46220
140000 46747
140000 47442
150000 49833
150000 50155
150000 55436
160000 54061
160000 55748
160000 55114
170000 57155
170000 57436
170000 67286
180000 80706
180000 62262
180000 61851
190000 66689
190000 66661
190000 64394
200000 69032
200000 68226
200000 67575
210000 71038
210000 71475
210000 72254
220000 75119
220000 77296
220000 79388
230000 81793
230000 81873
230000 79591
240000 86322
240000 85504
240000 87434
250000 86875
250000 86967
250000 86497
260000 93817
260000 89302
260000 89990
270000 93146
270000 94203
270000 93630
280000 103226
280000 99483
280000 98087
290000 101995
290000 101969
290000 102839
300000 109221
300000 105497
300000 105278
310000 110077
310000 109598
310000 108719
320000 113861
320000 113923
320000 117583
330000 115688
330000 115508
330000 115309
340000 120369
340000 120758
340000 121599
350000 123718
350000 124213
350000 124843
360000 129887
360000 130137
360000 128419
370000 132554
370000 131674
370000 139267
380000 136096
380000 135633
380000 137402
390000 143194
390000 140635
390000 139183
400000 145557
400000 148669
400000 143167
410000 146763
410000 149064
410000 147760
420000 151389
420000 151720
420000 155005
430000 154949
430000 159548
430000 153181
440000 159024
440000 159958
440000 158879
450000 161505
450000 166231
450000 162886
460000 170217
460000 168995
460000 167913
470000 171652
470000 170867
470000 172130
480000 174551
480000 180952
480000 177154
490000 180106
490000 178733
490000 187091
500000 181972
500000 182443
500000 182483
